function [Tc,pc,rhoc,omega,M,cv_c,n,e_c,s_c] = cal_critical_parameter()

%dodecane
    Tc = 658.1;       
    pc = 1.817e6;       
    rhoc = 186;
    omega = 0.574;      
    M =  170.33e-3;
    
    cv_c = 2.970123153445547e+03;
    n = 0.612914877770408;
    e_c = 6.948178368232952e+05;
    s_c = 1.400759326735013e+03;
    
  %CO2
%     M = 44.0e-3;
%     Tc = 304.1282;
%     pc = 7.3773e6;
%     rhoc = 420;
%     omega  = 0.228;
%     
%     cv_c = 6.618361536693549e+02;
%     n = 0.465708807651004;
%     e_c = 4.542094691611656e+05;
%     s_c = 2.993618278907337e+03;
  
end